100000 2500
48694 74960
57978 54700
41493 59420
45008 27064
53057 51616
43388 37441
54521 49762
42006 38455
71835 44734
46890 15801
70782 40454
34541 64538
39299 55280
25266 43431
59242 48048
27675 20776
45030 23776
47888 54561
55407 66083
45680 61661
36571 59788
63881 55599
33963 30400
20039 65782
91430 44759
42032 50526
23079 42500
50188 67050
78773 17145
90212 60465
67159 31750
53938 59243
54309 61958
30034 73643
38047 36091
52792 58602
44863 32372
65132 56776
48333 52658
76333 64015
41844 53646
85495 27903
57751 15384
46121 45894
39780 72704
32642 26826
48935 63413
32336 61997
54365 58958
47718 48661
18828 51757
63954 41510
54485 37213
74829 38864
80709 40896
49518 23756
37614 83689
66470 47971
54201 61386
37867 32373
84731 23053
70193 54581
50626 38212
65181 10932
34292 71615
65401 46373
22046 38720
47077 49370
53252 67409
41811 64274
43516 24945
43442 49265
73467 39665
57445 45907
50549 60577
44025 73152
59613 53289
79514 58174
47630 22329
61249 34378
27219 49248
34222 66980
66876 60861
38683 38223
40245 41303
65450 63316
40664 41804
33952 63561
57093 46510
84828 54165
14256 31268
53501 66416
51062 11611
22245 49324
42999 23580
30693 13878
44770 63034
55857 44124
36302 58155
45593 45004
58575 31864
35189 30816
39877 37340
65507 37787
71283 56102
63411 71409
38740 64478
58271 56779
58668 31917
76091 38727
34657 56953
52272 42944
44296 43859
87591 41488
37566 76050
77703 56472
64315 70075
56543 58876
36520 62886
21792 23982
46252 43875
25747 62514
48457 29013
53381 38683
60521 75045
44995 68823
80951 79060
43978 33840
59950 44469
73402 56205
41714 36091
49679 74748
24802 46633
57870 41968
53609 78645
51712 24012
54553 8812
56610 56860
61047 30226
36953 54694
13203 59850
47269 82724
38494 20921
25179 45261
38843 42856
42256 51608
80211 30829
43096 19008
49705 72393
19756 70151
43505 51984
12333 55099
48930 71754
30858 82810
56261 16796
75713 64438
48402 59814
24073 55286
53697 50091
83851 20192
37656 40563
75348 22778
81096 28913
44299 20397
30587 19619
40545 68615
51752 55740
58700 51524
26157 49411
72178 36627
41499 42875
42856 42896
79695 40896
34328 58645
38469 46389
48899 48050
58796 62687
43947 62076
65595 38926
75469 28808
34109 46272
41427 59831
20470 38853
54021 61232
27045 44195
61571 75694
51810 5944
44018 78719
64690 58146
25336 65608
30678 60638
47209 37001
50401 59570
35390 64229
49810 43852
63562 9500
7130 38952
28588 32480
17731 55729
61187 49221
38128 50990
30563 28693
51587 40026
24075 46539
70563 59089
62163 47960
63064 52528
12135 41647
37405 70646
25397 54010
44725 33844
36904 41392
38841 38881
60435 39754
40949 36873
47851 61388
57207 55470
62908 50958
32867 56938
29272 32953
44682 47575
65489 41998
32182 54448
76708 66409
56009 27828
41914 22409
56205 38989
59664 54925
65857 45300
18224 68284
49655 83796
50279 60686
60579 66857
32437 67427
15341 41200
43395 74388
43981 51003
73751 17456
58838 73191
49352 65539
55374 50416
66802 57685
52226 31009
35240 61432
36059 48236
64810 70913
63791 10266
42270 58193
68569 52394
61814 34779
46344 50034
53298 26020
38359 54791
46545 41352
62113 57182
36476 41409
61456 51894
35845 50474
28412 21556
33945 54844
39662 28492
22061 32221
32646 63205
66231 47582
47234 35639
63783 72509
69786 49530
48911 53293
74510 35135
61220 48604
54269 60318
16487 44527
45947 34829
35358 21452
40802 62227
63627 11680
47075 23201
26204 34075
64228 37946
36573 70653
72201 30936
68848 36946
57229 45711
23234 42108
46555 24559
50746 71413
42454 45355
36400 42450
57334 58107
72802 55814
42013 47938
36905 54892
39971 60270
36322 26242
64816 64675
67381 53494
66514 43415
61434 45538
40650 51770
37874 57559
56486 46365
65849 42651
61456 47761
48001 50867
24296 40330
44027 41119
45077 77385
66069 60648
44050 60094
63718 55769
33875 51367
79209 68625
30024 68984
78188 18102
46903 22530
59206 16261
53719 49106
45643 58006
42646 44630
38913 35289
50619 54722
60944 60511
57905 27060
37116 51546
63516 32153
40848 70379
31285 44238
61215 40085
72145 61574
44142 4499
32190 18289
56680 46800
31701 70421
46999 48302
43342 52995
32600 42126
54740 34218
58313 32269
50521 42759
68482 32783
48297 42247
17928 49531
46270 63906
71170 71116
51413 31434
67624 53572
45891 73739
35583 63743
27912 73198
15175 41644
50209 31518
55599 67608
64671 66378
55886 37490
53367 15309
19539 24906
25119 48655
31863 37206
30166 7080
38839 50941
34237 45130
14274 49296
33970 34140
69812 29785
58330 43878
45951 65109
44791 44336
39213 57793
54144 32939
27337 57943
26226 39307
80405 63829
64741 33208
7940 43587
60259 39786
60903 47983
65521 94477
64101 71230
68338 46826
72492 54054
51888 25221
25193 13685
36279 64452
48890 39631
73697 68564
64094 74371
54832 52683
51055 36984
52583 66829
54743 45061
44879 73071
73274 47723
70361 63774
23352 66841
51946 36926
58130 31666
47093 50769
54832 43471
61513 39261
22079 55437
54056 36557
47672 33724
55965 33300
29452 76539
49162 47380
70935 49771
51075 57920
47706 51003
50652 57475
45410 48101
46468 67806
44303 36927
60944 46549
26870 47409
53911 54408
63137 64575
35521 20383
42877 78542
6814 64494
51089 35110
60726 60117
40175 64825
42469 50789
57323 74019
52323 39748
73742 58733
10150 46165
51656 61209
23400 60438
49383 81247
40071 71625
50124 41775
36881 61523
35672 55422
43290 72930
56232 42817
72020 50008
31108 63545
43101 16996
47256 50029
34262 31081
38496 43128
59961 16937
38374 45704
39526 65566
53291 68641
74242 59816
60774 42662
22656 61165
64238 72085
34044 57977
53752 48532
46283 51111
33536 50992
39124 60103
31241 58721
32157 42749
20356 42958
45604 32226
31249 45265
29042 25845
54505 63296
74479 27824
44822 72681
34167 42360
55145 38619
39210 58935
22824 49255
23557 55497
23947 63978
77106 61462
58852 31304
27422 11267
53920 33334
41039 53001
27378 31807
54003 59810
22857 52357
52025 57192
20615 87108
58462 51708
52720 60695
81037 56743
11235 24578
55144 78787
63819 72747
67422 40664
18898 45416
45508 60550
29404 53882
49572 47397
59696 25369
56658 47405
45939 54711
78531 40022
42333 56572
28317 61056
22442 46356
45582 72273
69837 34989
39774 29089
37480 46527
46402 24469
65404 62986
57590 43149
53087 44895
69386 56254
33139 61351
23286 55966
34191 55453
56697 39429
36164 32602
51611 65805
47554 66455
43154 35260
55954 58032
51276 34664
45325 19051
78020 46807
60553 61301
46107 64545
54100 76721
28007 29277
52323 59441
82505 45312
15814 38656
47938 27386
62434 16549
50881 19370
66909 59752
47876 46449
59352 53843
43676 50724
43360 55799
24525 50467
33442 33011
37532 57161
46560 54837
44453 54410
28328 20223
79281 31574
38462 52903
43012 48576
86238 25128
58231 29791
38821 62289
28746 49912
41799 30686
47798 56024
39816 24621
37956 50947
16238 51660
36833 42510
31277 14773
68781 30156
39147 57945
33687 54443
70945 14686
27561 23772
42978 24871
18725 64821
39360 76312
47948 62423
66439 44953
72961 52880
29615 54483
68626 38142
11412 42309
27472 32887
61282 23799
45925 58795
67538 72837
42594 46087
68758 36071
80410 44760
67733 63214
85298 82996
32984 37511
31475 42392
35648 70090
41446 34386
59901 43955
61727 41884
57278 43689
69717 64141
77991 49859
14006 53168
33799 46030
50300 60528
72390 64270
45886 46651
36512 71874
28934 66403
36373 44389
31272 53699
51483 29374
50638 49958
33431 54419
55634 33638
64146 77119
38485 31831
42276 59876
71559 64355
57904 72317
45130 11506
43480 45467
58108 70030
57769 63467
90635 53450
52892 30585
61393 36319
55230 58040
45342 41492
36266 47933
50836 57573
43707 48206
49336 51678
65538 19743
49857 85066
33528 32470
59446 65681
61427 23123
49468 64344
79195 65970
63911 40562
39832 27021
32470 68468
56787 44546
47169 72742
42842 18296
42702 33949
43486 74528
65254 66344
49255 58172
37195 49647
21252 19236
38569 52821
61249 39681
78311 51746
51546 57184
48451 47714
72241 30822
46624 71691
36353 56548
23452 34401
47056 56587
54245 21273
48549 59643
27722 42047
45437 40709
51215 63449
51966 75181
37385 22857
62953 38253
66789 61555
59730 63035
56902 52899
80782 70865
69783 73003
42736 45990
51098 37328
62259 56255
37827 52449
47029 53545
53320 34091
60010 61250
71668 42385
28556 61626
23743 49267
40467 26460
30237 64724
60647 26510
47642 57660
48343 43921
62754 73821
29513 45713
54434 84855
55726 73564
71760 36476
62907 56048
40521 55796
20057 16055
73184 40607
53593 51859
75057 32476
52712 43673
44408 39372
79814 37020
55845 54325
42805 42351
13995 49961
51633 38378
34587 40035
46950 65450
65395 20596
57691 49561
62903 45729
68719 62514
58046 21129
68873 36224
50634 27531
46991 62699
48862 36324
47506 68273
62415 58775
20430 59189
70679 49941
36053 22012
69486 18840
74885 53361
86806 59214
61502 31853
74233 31546
40918 62071
56180 19674
52040 53194
50416 47496
22831 55322
43576 48034
60918 43797
59521 12137
55243 86443
79953 31147
76633 42766
18946 62496
66865 24953
67871 17299
74764 48818
39542 31688
53172 38990
59627 46360
49340 58294
54541 63453
31985 57836
56171 41360
23705 33549
83363 42932
44118 49559
47680 56434
73702 31081
48960 71937
35221 32394
66423 29131
35439 63409
33431 55377
77619 49280
22539 52939
44556 22415
54407 37263
80128 39980
43617 55862
71972 24548
17565 73855
67219 69570
40137 31987
61732 31058
41872 37189
11734 28524
69637 72320
48395 53938
76227 37088
40314 49622
57786 31099
57315 30109
52678 19879
61311 36002
56066 39963
49980 51939
51926 51155
60332 37107
52953 67766
45499 69396
55129 70133
47646 63464
26801 66104
57739 46845
68451 33147
83377 61206
43748 45233
77541 50212
63284 53039
52888 46357
73013 47559
34444 35149
27063 42935
77004 71156
76630 18752
32852 57078
59140 44055
49812 55235
45925 35196
43415 51162
52959 57898
40705 71433
50285 35828
32702 66929
13111 70957
53363 37708
36066 41412
6844 72813
57000 42548
59158 27532
31014 42014
34710 51520
68345 52403
42847 51912
33288 44242
53973 58513
51102 50934
60560 33912
43840 48845
49939 79818
69688 31401
47930 41231
45555 56984
50036 49548
37648 34129
66486 55939
60212 39637
65065 59962
10144 48337
38057 35005
53889 33989
75502 43113
29962 40934
48520 65064
51267 39108
62862 38262
51358 46763
74002 54313
65615 38603
53338 61937
40024 58135
47055 75681
41063 51948
42677 72234
52576 74105
66201 50540
69305 83418
64395 60077
33417 80130
60688 50916
61534 34144
73685 38079
49873 56381
57380 73312
22493 68836
40216 58084
48104 80269
33935 37806
41894 60910
53218 60765
80035 31668
46423 45211
35992 49308
45651 48801
51076 47700
8784 40308
58491 35881
54929 59372
69948 55908
74392 60794
66694 40814
37204 34221
57128 24251
46874 56176
60378 22881
54362 46102
53709 43146
48396 62996
36357 57744
47342 62352
51042 42977
53361 48285
53631 53416
47725 64836
62020 64553
56983 76611
15921 51440
73912 34707
40831 33961
59546 47027
23530 32462
39617 31391
44363 57602
30175 48542
49385 45376
35077 38081
78220 57779
46745 56106
20565 70243
63500 65295
53329 59541
22088 48511
43208 40944
51946 53728
49750 47457
32309 56636
49856 27579
71105 35136
35714 47653
67577 43776
48939 54323
43070 59771
57705 41938
57331 44002
58852 44262
51225 21400
49612 74416
38866 34297
54321 55032
72596 35291
47379 26344
43285 31957
56128 51634
50180 58433
55515 42234
59262 56834
69301 68339
43075 29959
24162 34373
41891 23949
33555 71604
28474 72996
35100 35202
64865 25207
48212 48273
43614 37066
41250 54088
58976 49988
52311 56891
45103 52203
44477 61065
54428 62062
41324 45572
75450 63150
23520 64787
42197 72435
33994 26201
48665 47613
70827 55313
11543 44227
51481 47935
72431 33786
50152 41097
65344 22866
76010 68318
61675 48259
52881 49116
23416 65548
54587 16882
85326 27063
47432 22599
53933 35547
78836 51290
37212 50281
65247 42344
39201 80547
52843 55694
40174 48301
71374 52402
67806 25543
61411 52513
10466 61012
76735 40440
21561 72354
62471 53060
53668 66921
66052 17384
59479 53263
83317 35138
53679 37552
36384 58508
32677 24033
35887 47619
27653 53297
47930 45515
58462 33643
35880 16013
34488 21925
25006 59878
25353 53753
78780 35456
30054 48396
60798 51196
60664 35157
23095 37015
29621 46877
46295 58502
60107 58435
44621 39722
53211 69576
32408 34269
81643 21766
54432 38060
50456 74431
47303 57519
63503 12761
79422 49200
67130 49131
57112 51341
46009 53622
65312 25056
30745 32756
37228 20577
45243 38804
52398 55174
39961 35006
23117 23279
37292 61792
35894 41219
43690 16870
42353 39771
53107 49674
67960 22748
56778 63818
26176 66978
23492 48955
44316 72872
60289 63360
60999 44832
29598 48536
60218 58787
77925 33881
62401 40714
74185 60737
57809 53533
35348 88936
51222 36593
61789 67156
75600 55563
25022 36981
81500 72517
53310 58730
51472 64629
59032 58376
49615 58318
41370 38937
63960 55301
63591 34788
40028 39989
65642 55665
61528 11904
49664 54153
60701 35961
78326 32383
30127 57669
33724 59569
52946 33147
51281 53965
41958 55503
3587 51156
44653 44403
29913 25824
54385 56633
60363 21668
53641 63607
35512 49848
48821 24244
48405 51858
36077 82173
45414 42578
83580 77330
49516 41286
43789 35918
50979 37418
64129 42303
37484 57643
66185 75542
62338 56754
49900 16323
69172 26594
81068 79324
59865 45533
49100 41794
61947 40139
52206 46467
23505 62871
55200 6139
74873 38271
70259 60357
72670 76362
30160 29004
45177 43606
47242 51136
28605 47195
63795 58924
28494 31462
45871 45673
37624 76713
53898 22961
58203 25210
64138 53009
26981 57365
54019 70536
49801 56480
61549 44008
25001 73205
43703 59519
78035 22941
30425 57976
34738 42656
38701 54014
43711 66295
46713 75813
51001 12517
49620 31625
40922 28652
38182 52916
56903 54675
20109 45377
48452 51700
56419 46273
32684 60403
39454 53856
59427 57673
69599 42566
42377 54858
75968 42175
26670 45408
62453 44315
37832 15959
17554 40531
49700 54628
50221 20849
68254 49626
52260 40364
49746 93378
39356 51798
43280 69389
12527 37494
46865 28576
66049 40499
65386 28960
42455 71159
56132 62309
50439 45904
86474 52425
32174 62358
61662 57132
56326 20559
35476 68787
47539 74067
68443 69713
71648 68782
89340 32264
51216 75848
68163 61165
63402 45383
71551 40172
62040 64815
17322 29264
44825 67791
42601 20737
31758 51419
57011 38284
56599 73817
50767 39397
28962 41150
56840 48107
29242 63443
59032 43951
42089 77666
55907 66932
51006 74377
80877 64373
56876 52463
60680 70506
25489 55198
66251 48073
15003 34731
84551 48331
62412 29333
61946 51510
47189 72819
35840 45781
28718 58317
56587 67272
30435 57158
44055 38271
29483 69888
67293 76418
42298 37821
77573 30713
49115 75204
74779 63975
73789 46474
32326 54581
30856 87051
36283 63089
16695 45309
62186 62555
34087 66724
41856 64029
56422 68483
36874 48470
43475 63415
24183 50141
28523 64547
60743 64838
52572 54604
70526 29732
65499 29698
20822 39692
61368 77252
58809 31070
76209 38625
31857 48067
20617 59998
59676 60533
56793 74651
41696 55105
50595 44468
29924 23885
53415 52392
38778 48282
49532 74811
75293 36680
39006 32925
42526 67228
68032 50375
37405 42434
64425 74409
40505 32852
73154 65798
43272 49303
28709 45850
68932 31113
52479 26111
84043 34970
51414 59349
43332 35642
64932 76957
32032 44060
38061 79074
60232 19500
8971 47645
63249 52073
77064 50396
55790 30040
58420 69794
43628 54605
29747 57733
33759 30323
62032 44961
74451 21387
50144 52274
43597 31346
69437 58485
34224 75621
35761 34391
39804 23557
50175 35534
50362 46617
40887 68100
48438 68116
51019 48441
32881 66909
46824 29285
51029 56394
37889 62883
39590 51178
39339 37957
44605 22407
77740 7631
63733 55790
65619 34437
48480 57963
41221 36832
30528 44440
74138 72358
57785 27091
71278 67286
68159 42896
28974 17733
74833 30037
48246 65289
37356 27516
36386 63129
54461 76738
50268 67247
23573 39037
57720 58102
91038 83884
39557 65117
54990 62897
27805 47948
60703 64477
52484 84350
62203 36526
18412 54696
29562 51163
41499 61150
46796 49165
53548 50611
51572 81004
57011 76066
65593 46045
68106 58671
44253 45068
48357 59213
63370 20010
75430 19581
69903 25464
70261 48444
45521 35200
52237 47898
6520 38438
75603 50218
33646 50018
65199 28701
50186 35531
48153 60205
33417 63698
49393 62138
17348 31700
49296 47030
47516 29390
57760 51907
35636 32748
47658 62998
35302 25292
64117 43297
67315 56957
55946 55796
48633 28485
40597 32864
34854 54312
50680 69335
52271 45096
47381 68895
57085 51020
68077 47267
51499 39777
39791 52899
42292 27779
50061 58388
35429 57692
48141 28486
47252 56103
63014 26436
63639 47484
9415 72960
25970 37322
37302 45611
37455 40610
37213 53733
49455 27322
43363 36633
40546 64429
48637 36006
46263 65668
55810 54079
69234 51189
58816 63758
46850 66158
90256 32547
37231 37840
28972 67720
79766 30971
90300 53039
54804 34061
21682 64149
47363 64107
56155 80931
64869 82811
40753 54613
39780 53047
54514 60319
48441 54626
47217 52743
71397 34457
44080 37016
78506 93192
53162 41343
26168 64257
41073 48107
58533 73775
31228 56502
74015 50850
67645 40135
30305 73362
33013 70968
83685 42979
79814 45370
35295 50283
57613 37299
63717 87535
71533 59053
86639 44015
63532 57967
58625 50470
59966 43624
22314 43214
58403 59857
24621 56233
50288 27149
58746 46265
69934 54486
45282 38354
45543 33817
45966 52181
30841 33694
68011 39608
36016 75880
45797 47434
36503 57822
45979 49329
66443 75949
70348 54198
25101 44908
26836 65992
53341 80125
62168 43450
59846 47288
89858 57419
73401 41029
50541 40556
66460 32589
33246 47935
74338 55504
57910 62946
41687 53844
56747 37609
89536 41154
51378 53676
44710 55057
47548 48454
39020 64160
37542 40282
37030 33124
90861 35478
66985 40390
38563 27381
62306 31817
75301 55753
39656 22256
47753 81789
45264 66137
64219 40216
38469 55473
62979 53113
61649 9800
56718 52847
46340 31741
34057 43877
63412 35685
55883 54265
39452 28835
51803 56375
74929 36381
50986 54432
58541 89549
25094 61415
73836 56439
44753 64644
63104 29312
58346 30182
47995 65176
60144 78213
60047 58909
54827 27551
64729 53056
61124 47039
47996 59621
53178 39167
57454 25676
49556 50697
39446 33905
19159 56550
50579 26419
76086 35446
62427 27702
42892 59834
69001 56713
66700 40660
43378 15880
89650 29139
59899 24960
54784 60719
29997 45716
25065 17424
23430 19041
65035 33871
65933 48612
45857 55361
57390 50455
42419 56374
44991 40926
74260 52155
53731 56485
55561 35491
69144 58565
16712 52681
29957 29354
53671 92050
32412 21942
34833 31797
46813 75748
61752 74170
36219 55597
42252 44995
39970 46250
27631 82701
63378 50046
65703 47284
57203 45424
74510 42299
24807 38748
61332 35656
49118 20297
44898 54830
80686 46677
38232 56372
32607 32860
39873 60559
23623 65875
63171 77104
69977 36981
53139 52289
50365 59679
81005 51564
31006 44407
43334 56032
38471 28373
42302 45590
22637 24546
51416 42061
47691 70776
43241 31447
77296 62290
68177 28441
47191 48482
19051 38482
50107 20223
45125 82203
81063 65222
72337 37547
85455 81470
81494 54240
52898 24634
60014 17917
80028 43262
33712 31028
46940 35881
44521 60132
42874 80972
54669 61343
71701 61534
36398 44273
74543 33489
63919 42722
45241 52864
44088 42296
30829 60751
49384 62591
87645 81040
37710 50887
50768 52007
53653 79918
72137 38253
56193 15140
15588 45781
41502 61544
40426 55633
64562 44758
35741 55921
41848 48864
40538 65105
52875 36318
32734 57392
39842 56582
42468 78049
49154 45113
86900 66274
77868 65666
62713 33869
46298 30303
43800 51826
41132 44990
38971 37697
72354 54726
50415 41067
45384 34396
44787 36930
76467 54625
55053 55405
50478 59837
57755 50740
56501 31259
73198 75961
76063 77176
67670 35026
35099 74588
39675 37551
36320 42983
65906 70970
48034 55181
33548 47938
45767 46750
79853 57949
46551 65676
56544 45962
49204 78570
23020 57747
41358 71735
53159 45365
53780 87639
48965 44804
62315 50406
74105 46863
78432 36653
65528 45631
32094 26096
58843 44417
50078 17646
15022 44712
45343 69669
56384 60176
72539 68826
35647 50178
37557 64084
32390 44250
52406 52842
45361 24299
56053 22979
49013 65309
58071 55254
58931 72028
18940 44728
63812 71089
68467 58003
58525 35628
76211 33014
68629 38024
61770 67536
40444 68236
65620 68664
44148 51251
50858 42229
41345 56461
62174 56505
57820 52833
32746 45099
45707 54679
22435 23469
79153 44630
15855 64727
36647 59887
63675 52165
69446 57721
26795 61462
26250 44602
67216 46511
83801 52169
31129 42307
32668 51188
47696 50323
57747 42082
30273 66166
36712 19960
43133 37527
64904 52732
39611 81153
49069 71931
82784 58716
62652 73580
13349 52724
58707 33809
69009 55934
76061 72737
43819 54938
59114 72999
31858 66584
66434 40105
48776 62715
21300 50568
35505 30013
41523 26409
60798 34904
42909 49752
64202 48768
46943 47081
70240 58801
50876 81180
51584 55919
38822 47557
77066 64580
73429 46127
53355 35344
63634 28349
56674 59908
32853 23374
71783 41322
24343 34918
69089 65573
42077 60430
56350 50173
48663 45174
19972 14232
58159 58977
47752 37191
50399 82236
56538 38280
39619 49427
39270 82243
23979 28198
58234 65496
50486 35410
79816 45282
56349 23611
57226 65969
81747 30755
61576 56985
23499 76444
48570 65518
48916 59623
44236 22225
20143 60176
42054 23979
64028 54236
67208 69751
48052 68205
60792 37058
64570 43422
72441 47472
44336 43310
21026 42562
77290 42144
68909 62234
53091 58342
50216 79612
35539 35256
47223 65237
48893 68549
30966 19451
67658 22673
37627 55928
34710 20249
74754 45831
43981 60471
49191 19674
53813 53704
57683 49954
86408 35727
54070 57932
50121 46551
53240 37130
41684 27100
49584 55577
35762 70631
23696 37821
48306 38716
34276 65036
41529 25523
48065 47344
34389 24871
61814 63722
79636 54419
70849 59798
79766 74486
45003 67827
53220 71163
56273 32352
69502 67162
30879 12646
5814 69628
56509 42040
47807 46048
62063 54778
55430 68546
30046 45253
59963 62325
50446 51046
46006 52244
65560 59113
39293 15581
23574 49115
63131 38360
28252 43845
66873 79930
22891 53124
11761 43149
37671 75957
53720 44683
47043 47372
58208 42703
40320 91342
57831 59946
40217 48663
35843 28374
49917 83044
23713 67404
56636 56264
42709 25334
72256 32771
58479 46214
76863 63290
68425 41504
42354 34940
32100 58179
33030 64008
59319 45152
36047 56146
74687 59470
42943 57030
61410 36702
67866 51017
70254 68685
66662 44421
47998 50910
65060 41186
47495 35906
66881 59475
54440 56639
50505 59092
58573 35341
50529 59320
30316 81920
42996 54939
70191 27879
57127 42809
64316 39991
68118 28902
63563 78310
61117 33240
64379 75544
50355 28199
48359 44155
50328 56979
39927 22130
45141 41736
56184 46838
51197 52449
68714 67892
24469 54512
48028 21248
67961 37178
46584 40933
67993 65153
63391 47646
66919 41355
39348 66857
74897 66590
86778 24117
71278 37316
24348 42561
45114 55389
57551 23042
71681 61518
37530 56199
45147 37017
23150 53662
47325 70286
70656 49396
22347 26978
42452 82688
32142 53605
46356 32413
24681 47882
35878 50810
29419 46512
67584 33075
39587 24092
41018 16186
37012 38087
56800 74367
41711 65501
21774 31691
84860 72960
62779 16875
52949 59089
50255 50834
55385 53805
55423 52475
50914 42808
42195 91729
73269 31259
60555 47055
20790 51084
28960 3752
55520 30993
44842 58788
52217 87302
81380 49295
93052 40534
42382 65873
22493 59414
49274 72411
58096 57518
64222 50634
45734 39149
66924 72386
43126 68303
52901 46752
49566 25591
55018 19538
58382 22520
45914 51327
19486 32346
54103 60145
36615 65627
56551 63919
58892 39544
78782 61927
46716 79275
32538 55954
35417 40051
49750 40150
60884 36756
23604 67116
58752 48803
33025 55359
61762 26689
33628 35479
53257 75297
32721 41464
30787 43220
48936 49547
63755 59200
58240 55738
47140 67056
46108 39132
49318 64016
39928 33173
71289 11315
44834 51964
49798 40666
51915 61049
35750 56501
42007 34677
69730 45734
55736 59567
46426 31114
23614 35695
40065 62392
16683 48221
39183 66117
54473 43567
54324 46604
32444 47622
38540 65651
52568 50583
59989 67554
15280 75528
68196 25626
67185 46751
20943 50734
41844 73244
41075 53317
45069 42466
59415 41252
59942 57306
54888 22384
67596 54292
53164 69810
33547 37682
77365 43035
43196 53892
31386 47365
67353 62963
37024 43325
67413 43936
58619 16131
52077 32072
57271 34508
41600 64365
65395 68813
42967 58935
80211 77370
57547 63506
51636 34375
60747 46624
27037 80627
40758 59982
72953 44426
68718 43843
36230 21218
61354 38398
42636 46954
93198 40250
25932 62185
34684 37528
37439 36862
61352 52603
55035 43883
56815 37810
25845 20244
11749 42968
41195 19654
64175 74107
67355 72888
55062 62208
48188 33744
62551 49473
32552 34222
52156 28923
28508 58979
40684 69097
56353 49149
58114 28592
69768 61387
60000 82043
53272 57185
57665 51554
63559 60762
61711 75924
64168 31191
40570 54576
41961 56019
79429 38129
58235 48150
56544 51090
34831 44801
70839 44011
74948 60945
53067 33502
70434 38947
56581 46070
50630 59254
53189 55240
57304 43125
42046 52256
50506 29746
50690 46557
38838 62129
49755 70807
54315 43242
48607 52230
34187 71308
32963 50980
81869 75651
44524 39181
55279 48440
63686 16297
68769 54170
60892 60432
70601 34274
74275 62631
82085 30477
56597 54542
79565 57905
70018 24507
56800 22130
47399 34146
68089 58061
26363 54812
36069 46490
74828 41027
74775 29653
60558 20767
30552 52248
23533 64321
40000 67943
58535 75443
53860 43444
73501 52940
27731 48156
34979 78308
72001 68341
50459 54957
66433 21897
46918 27483
30646 73121
33748 25226
67781 52417
21312 61917
58512 46389
58975 54886
85348 45774
53682 66249
27694 61291
29567 39711
61298 69434
30884 58011
43769 18621
33830 32493
44108 11404
52618 46443
63460 41181
51691 67050
58142 54467
13257 51053
48881 44857
66970 76421
51039 64990
47915 50547
35756 59261
60838 36366
50000 58963
40557 58727
50093 52753
50349 39213
35456 41372
29106 32465
37146 48279
40955 35945
23628 70821
33037 37720
32035 38510
56841 65703
30295 57951
57083 51000
47749 60721
52472 22432
46871 51248
41703 51664
40967 70968
33051 40050
61513 60031
55204 77335
21247 76311
56171 54290
26998 37167
72183 13090
41423 33562
49168 48594
70263 21528
59146 31904
69216 71632
64734 66528
58861 47000
72441 47966
34990 54396
57301 56263
31690 47360
73546 50628
22843 56996
32161 38635
52164 52006
51564 73815
48027 51591
43033 41744
40932 49875
59712 63029
43239 47775
70847 64213
79613 45905
34701 33179
53834 65059
13125 67121
38700 47847
54409 25697
52087 68489
46087 60156
69726 48980
50775 28796
58672 63995
16011 19817
61127 72278
59267 24700
47041 58601
55302 65669
56685 46630
21897 32780
56707 82039
31189 42681
30874 72186
28492 50294
23898 40458
55301 49742
69742 26242
45983 87324
17720 57536
22479 46565
72521 49770
20415 66559
29847 90612
46614 13561
22628 46814
56790 46652
71425 67006
56808 42089
41531 31745
54136 15497
52877 49009
61187 27368
28951 46454
41003 39868
36439 34332
29773 45449
69009 40664
31705 50501
42255 47369
51802 37946
29452 43073
91483 49072
63341 62530
46570 49735
25141 33478
53497 48932
60085 54534
43625 36563
9095 40185
67299 77286
65337 44631
82028 29025
63944 69479
45496 42199
39635 44401
23611 63057
17548 30998
40193 54258
33645 28233
33858 73563
53936 52240
74675 56014
35197 65554
59294 13335
25826 68052
52913 37154
25219 55740
38038 33396
57364 28638
41799 48957
45962 48754
57118 36675
77836 70696
74160 50826
52140 37403
30551 79533
55767 29095
62353 47632
36492 7643
77835 15545
48721 58573
51835 26360
36574 50320
30001 52680
68767 71686
61036 52477
22748 10070
62062 28442
58548 57403
64592 34558
60623 47619
59794 24390
76240 67922
21624 41843
59788 51114
47383 59077
34044 37549
14634 27886
26356 59164
70311 71783
71567 56231
40209 41633
32881 24419
57746 33246
89517 49178
41415 73944
36735 64582
57691 85038
49346 42202
18004 31099
71201 53959
25644 52290
55819 62523
50597 64653
55657 30120
51548 33626
25870 35465
42268 45233
44018 39395
74737 36757
25117 70283
62209 48032
26724 43821
37145 68716
59607 53768
46345 47795
39926 53371
48816 58166
43687 26177
67285 35680
57576 57468
74173 35750
42307 61556
59510 33716
26885 50715
56564 48200
34093 78423
48354 39645
79911 87295
22325 35593
47158 72354
30849 65956
36531 36364
66059 64940
12278 16774
32675 43754
33816 54239
53294 68181
54359 54575
13575 50226
53588 36695
56322 67585
42503 63047
47188 40472
19312 50183
48662 69388
69896 33907
54436 66770
69118 38083
70567 18857
61220 56019
40692 34999
54689 47132
79130 46190
14959 31875
50356 46773
68230 23771
72836 20167
61392 45345
68159 49368
31460 32393
64550 47997
74100 37182
63833 71369
50561 43497
66794 53559
47443 33517
49075 61004
62508 45432
56552 39673
27575 42554
81259 80834
50756 20979
50659 51359
55730 45487
50059 39589
76591 50897
29643 36708
58274 48848
33416 42512
27875 85699
70460 31327
43952 67231
43206 49460
35424 41019
32766 43774
51285 69145
45327 20451
49715 52707
76676 67989
42707 49847
57631 57096
52470 72482
45934 26058
40377 34542
63516 48428
83916 16540
43014 34598
77665 44719
36118 66292
52965 41135
33479 44423
64625 60393
73098 68511
51198 27637
52433 33199
58974 43778
19428 23945
56546 79305
62838 62903
25059 57185
52729 33450
42468 63674
55473 38293
31117 49127
35721 53527
66659 68378
30121 18331
32819 62321
60612 41855
44366 66419
54578 31990
29559 44376
55490 65966
58268 36107
41037 53810
69191 47602
58377 47375
58067 44135
59042 40885
35679 31502
44811 25889
63875 29638
70925 31295
71619 21626
62629 59401
54216 75681
39951 74610
30025 34945
51361 54017
62923 21298
50776 59971
52494 66663
34355 48866
26177 52457
81732 31628
45563 40170
61057 38046
67820 43769
18778 41600
86858 47820
30484 50633
76053 42954
74959 63785
57084 30532
51304 62730
46104 63109
42497 67827
37982 43143
27745 69293
41944 67467
31741 56102
67213 56904
44243 53524
39237 48381
42745 63842
69359 52784
8698 83266
42718 69429
40667 56869
61367 45164
28927 42832
52008 74058
43441 54602
42594 35870
47737 48888
39741 50578
57910 52359
28219 62443
80105 75789
73016 61976
28243 70639
29402 45676
36670 35583
53961 42281
58779 36461
45729 59069
51024 50524
62375 47565
26573 53839
37182 37107
65637 33354
55320 44102
25430 47545
39469 69277
52654 49934
37740 52882
68558 58157
29492 67402
50378 22408
48767 60656
65654 41482
65252 51458
48192 50869
62011 57938
41665 57097
44830 38092
47626 42796
61971 72944
72903 26819
34699 56102
70149 59297
34442 37558
71634 46119
53283 59536
46211 34660
67497 42448
41686 68866
63399 66050
76987 48867
38796 31014
51440 13956
42535 61809
53074 71716
68822 46297
55278 31661
32637 66126
39132 63309
36151 80585
22215 45026
38353 60936
48212 37661
55279 51986
44064 73569
68627 47236
24996 56687
49218 39051
62662 28611
59523 64684
37925 56253
55304 19783
35382 28800
38700 43230
57621 28570
51744 32532
